%YAML:1.0
---
R: !!opencv-matrix
   rows: 3
   cols: 3
   dt: d
   data: [ 1.0607295958255820e+00, -4.8934653759921606e-02,
       3.4223624559476508e-02, 4.9269678008463443e-02,
       1.0401185287377817e+00, -2.4905209884282034e-03,
       2.9169561491824657e-02, -2.0570534320958012e-02,
       1.1214178700417756e+00 ]
T: !!opencv-matrix
   rows: 3
   cols: 1
   dt: d
   data: [ -1.9181194072849448e+02, -2.3034382120538331e+02,
       -1.8789039166082305e+03 ]
