%YAML:1.0
---
R: !!opencv-matrix
   rows: 2
   cols: 2
   dt: d
   data: [ 1.0000173600982556e+00, 4.0759710106355717e-03,
       -5.7755462258599439e-03, 9.9999789562792407e-01 ]
T: !!opencv-matrix
   rows: 2
   cols: 1
   dt: d
   data: [ -2.0019200014857404e+03, 6.7655348527378679e+04 ]
