%YAML:1.0
---
R: !!opencv-matrix
   rows: 3
   cols: 3
   dt: d
   data: [ 1.0010896970118328e+00, -1.6946342807595171e-02,
       1.7147190364439492e-02, -2.2779110807895221e-02,
       -9.9584470432202099e-01, 1.2539950516223624e-02,
       -4.4594483638336901e-03, -6.5732244205337657e-03,
       9.7317400816157074e-01 ]
T: !!opencv-matrix
   rows: 3
   cols: 1
   dt: d
   data: [ -1.5415535338518868e+02, 4.6835824463452695e+00,
       9.5160167337952188e+01 ]
