 %YAML:1.0
---
R: !!opencv-matrix
   rows: 3
   cols: 3
   dt: d
   data: [ 9.9998960470937903e-01, -4.5167091636861001e-03,
       -6.2434886931934377e-04, 4.5140640128515583e-03,
       9.9998109588823325e-01, -4.1750559584192897e-03,
       6.4319458006486087e-04, 4.1721942067367802e-03,
       9.9999108950841831e-01 ]
T: !!opencv-matrix
   rows: 3
   cols: 1
   dt: d
   data: [ -3.5691832318658783e+02, -7.3646056609441706e+00,
       4.1069976866011988e+00 ]
R1: !!opencv-matrix
   rows: 3
   cols: 3
   dt: d
   data: [ 9.9979636013614570e-01, 1.6064277690918276e-02,
       -1.2213813523363291e-02, -1.6089532049241566e-02,
       9.9986860998185967e-01, -1.9722401933219944e-03,
       1.2180526136044227e-02, 2.1683531107251444e-03,
       9.9992346358500672e-01 ]
R2: !!opencv-matrix
   rows: 3
   cols: 3
   dt: d
   data: [ 9.9972103497282871e-01, 2.0628112134430471e-02,
       -1.1503617805952467e-02, -2.0604249141149028e-02,
       9.9978531338946752e-01, 2.1890747025774073e-03,
       1.1546304611672307e-02, -1.9514406199951275e-03,
       9.9993143501408188e-01 ]
P1: !!opencv-matrix
   rows: 3
   cols: 4
   dt: d
   data: [ 6.2062736453624311e+03, 0., 2.8074758911132813e+03, 0., 0.,
       6.2062736453624311e+03, 1.8233647613525391e+03, 0., 0., 0., 1.,
       0. ]
P2: !!opencv-matrix
   rows: 3
   cols: 4
   dt: d
   data: [ 6.2062736453624311e+03, 0., 2.8074758911132813e+03,
       -2.2157508997498243e+06, 0., 6.2062736453624311e+03,
       1.8233647613525391e+03, 0., 0., 0., 1., 0. ]
Q: !!opencv-matrix
   rows: 4
   cols: 4
   dt: d
   data: [ 1., 0., 0., -2.8074758911132813e+03, 0., 1., 0.,
       -1.8233647613525391e+03, 0., 0., 0., 6.2062736453624311e+03, 0.,
       0., 2.8009798601743405e-03, 0. ]
