%YAML:1.0
---
R: !!opencv-matrix
   rows: 3
   cols: 3
   dt: d
   data: [ 9.9996660690706585e-01, -4.6629983796487489e-03,
       -6.7112977047037838e-03, 4.6236040388378521e-03,
       9.9997206205288036e-01, -5.8734486805011995e-03,
       6.7384980865035074e-03, 5.8422221647102838e-03,
       9.9996022975102183e-01 ]
T: !!opencv-matrix
   rows: 3
   cols: 1
   dt: d
   data: [ -3.4672319448237135e+02, -2.4058326951274807e+00,
       6.0536193060482857e+00 ]
R1: !!opencv-matrix
   rows: 3
   cols: 3
   dt: d
   data: [ 9.9970461519126352e-01, 2.1731924395696598e-03,
       -2.4206602403235286e-02, -2.2433135571088272e-03,
       9.9999336530649219e-01, -2.8699977841425191e-03,
       2.4200204742361411e-02, 2.9234530297386719e-03,
       9.9970285760960531e-01 ]
R2: !!opencv-matrix
   rows: 3
   cols: 3
   dt: d
   data: [ 9.9982355608446472e-01, 6.9375462584146622e-03,
       -1.7456435791067624e-02, -6.8869446784659422e-03,
       9.9997191213580749e-01, 2.9571831956196693e-03,
       1.7476461072284080e-02, -2.8364399110614286e-03,
       9.9984325167349097e-01 ]
P1: !!opencv-matrix
   rows: 3
   cols: 4
   dt: d
   data: [ 6.1160663334784449e+03, 0., 2.7316354064941406e+03, 0., 0.,
       6.1160663334784449e+03, 1.7089905700683594e+03, 0., 0., 0., 1.,
       0. ]
P2: !!opencv-matrix
   rows: 3
   cols: 4
   dt: d
   data: [ 6.1160663334784449e+03, 0., 2.7316354064941406e+03,
       -2.1209562866416252e+06, 0., 6.1160663334784449e+03,
       1.7089905700683594e+03, 0., 0., 0., 1., 0. ]
Q: !!opencv-matrix
   rows: 4
   cols: 4
   dt: d
   data: [ 1., 0., 0., -2.7316354064941406e+03, 0., 1., 0.,
       -1.7089905700683594e+03, 0., 0., 0., 6.1160663334784449e+03, 0.,
       0., 2.8836362031594608e-03, 0. ]
