%YAML:1.0
---
M1: !!opencv-matrix
   rows: 3
   cols: 3
   dt: d
   data: [ 6.7601772323159375e+03, 0., 2.5885251689359329e+03, 0.,
       6.7589627348098611e+03, 1.7171210269270491e+03, 0., 0., 1. ]
D1: !!opencv-matrix
   rows: 1
   cols: 14
   dt: d
   data: [ -8.1927259552464257e-02, -3.8355394110930924e-01, 0., 0.,
       -9.9314754605103206e-01, 0., 0., -5.7563561550668245e+00, 0., 0.,
       0., 0., 0., 0. ]
M2: !!opencv-matrix
   rows: 3
   cols: 3
   dt: d
   data: [ 6.7601772323159375e+03, 0., 2.5885251689359329e+03, 0.,
       6.7589627348098611e+03, 1.7171210269270491e+03, 0., 0., 1. ]
D2: !!opencv-matrix
   rows: 1
   cols: 14
   dt: d
   data: [ -6.3730056337751917e-02, 6.5743238752100841e-01, 0., 0.,
       -1.4965978023750850e+00, 0., 0., 2.9943446756678909e+00, 0., 0.,
       0., 0., 0., 0. ]
