%YAML:1.0
---
M1: !!opencv-matrix
   rows: 3
   cols: 3
   dt: d
   data: [ 6.7833475233781865e+03, 0., 2.7169954469439681e+03, 0.,
       6.7746411369876596e+03, 1.8238308415343126e+03, 0., 0., 1. ]
D1: !!opencv-matrix
   rows: 1
   cols: 14
   dt: d
   data: [ -8.1870358060943837e-02, 7.4870628304782072e-01, 0., 0.,
       -4.2774056858359861e+00, 0., 0., 4.9592751349752645e-01, 0., 0.,
       0., 0., 0., 0. ]
M2: !!opencv-matrix
   rows: 3
   cols: 3
   dt: d
   data: [ 6.7833475233781865e+03, 0., 2.7169954469439681e+03, 0.,
       6.7746411369876596e+03, 1.8238308415343126e+03, 0., 0., 1. ]
D2: !!opencv-matrix
   rows: 1
   cols: 14
   dt: d
   data: [ -7.5293221819869000e-02, -1.9812798169343931e-01, 0., 0.,
       4.8671108449175122e+00, 0., 0., 1.3972918981856997e+00, 0., 0.,
       0., 0., 0., 0. ]
